-7.254326099393078486e+00
-7.116043661395393016e+00
-6.980397172264161121e+00
-6.847336385369897194e+00
-6.716812011887648204e+00
-6.588775702539261481e+00
-6.463180029683685213e+00
-6.339978469748657197e+00
-6.219125385997290145e+00
-6.100576011623155992e+00
-5.984286433167615549e+00
-5.870213574253246414e+00
-5.758315179627347291e+00
-5.648549799509602565e+00
-5.540876774238120639e+00
-5.435256219208135953e+00
-5.331649010097827990e+00
-5.230016768375753244e+00
-5.130321847084541531e+00
-5.032527316895583525e+00
-4.936596952429544771e+00
-4.842495218837638227e+00
-4.750187258638684185e+00
-4.659638878807088602e+00
-4.570816538106944549e+00
-4.483687334667571633e+00
-4.398218993795902421e+00
-4.314379856021174575e+00
-4.232138865367524261e+00
-4.151465557850132271e+00
-4.072330050190644535e+00
-3.994703028747713880e+00
-3.918555738658536569e+00
-3.843859973187384149e+00
-3.770588063277166668e+00
-3.698712867300168128e+00
-3.628207761004151877e+00
-3.559046627650117145e+00
-3.491203848338049198e+00
-3.424654292517078424e+00
-3.359373308676537384e+00
-3.295336715214464363e+00
-3.232520791480174793e+00
-3.170902268987577877e+00
-3.110458322795982333e+00
-3.051166563055211611e+00
-2.993005026711871075e+00
-2.935952169373726939e+00
-2.879986857329158489e+00
-2.825088359718733955e+00
-2.771236340856020774e+00
-2.718410852694767676e+00
-2.666592327439685661e+00
-2.615761570298077210e+00
-2.565899752369636744e+00
-2.516988403671786223e+00
-2.469009406297963061e+00
-2.421944987706321939e+00
-2.375777714136372509e+00
-2.330490484151105157e+00
-2.286066522302218296e+00
-2.242489372916103285e+00
-2.199742893998277715e+00
-2.157811251254010187e+00
-2.116678912222931253e+00
-2.076330640525445581e+00
-2.036751490218819072e+00
-1.997926800260859004e+00
-1.959842189079111563e+00
-1.922483549243599654e+00
-1.885837042241096384e+00
-1.849889093349019298e+00
-1.814626386607034014e+00
-1.780035859884510963e+00
-1.746104700042009128e+00
-1.712820338184989133e+00
-1.680170445007997948e+00
-1.648142926227611049e+00
-1.616725918102423165e+00
-1.585907783038443597e+00
-1.555677105278257422e+00
-1.526022686672363626e+00
-1.496933542531119876e+00
-1.468398897555752924e+00
-1.440408181846941638e+00
-1.412951026989472503e+00
-1.386017262211543866e+00
-1.359596910617269394e+00
-1.333680185491002312e+00
-1.308257486672109948e+00
-1.283319396998848561e+00
-1.258856678820027497e+00
-1.234860270573165053e+00
-1.211321283427876594e+00
-1.188230997993243498e+00
-1.165580861087946118e+00
-1.143362482571964378e+00
-1.121567632238675394e+00
-1.100188236766195260e+00
-1.079216376726828130e+00
-1.058644283653523921e+00
-1.038464337162261053e+00
-1.018669062129275105e+00
-9.992511259221013020e-01
-9.802033356833907973e-01
-9.615186356665139655e-01
-9.431901046219417495e-01
-9.252109532334582553e-01
-9.075745216032347074e-01
-8.902742767848534911e-01
-8.733038103633434801e-01
-8.566568360813606731e-01
-8.403271875106099742e-01
-8.243088157676536909e-01
-8.085957872732674190e-01
-7.931822815544995464e-01
-7.780625890886350149e-01
-7.632311091882524323e-01
-7.486823479266027093e-01
-7.344109161025240695e-01
-7.204115272441624640e-01
-7.066789956507317783e-01
-6.932082344716175015e-01
-6.799942538220813404e-01
-6.670321589348944258e-01
-6.543171483471992289e-01
-6.418445121219393812e-01
-6.296096301031841591e-01
-6.176079702047170272e-01
-6.058350867312460863e-01
-5.942866187316138138e-01
-5.829582883833985818e-01
-5.718458994083075453e-01
-5.609453355177782541e-01
-5.502525588882134500e-01
-5.397636086652699561e-01
-5.294745994966705283e-01
-5.193817200929764510e-01
-5.094812318157968534e-01
-4.997694672929071658e-01
-4.902428290597775629e-01
-4.808977882269775961e-01
-4.717308831730004925e-01
-4.627387182619928652e-01
-4.539179625859350864e-01
-4.452653487307927094e-01
-4.367776715661930709e-01
-4.284517870581652232e-01
-4.202846111045195343e-01
-4.122731183924255305e-01
-4.044143412777616575e-01
-3.967053686858346140e-01
-3.891433450330463728e-01
-3.817254691691207569e-01
-3.744489933394863357e-01
-3.673112221674550426e-01
-3.603095116557817335e-01
-3.534412682072698431e-01
-3.467039476640447759e-01
-3.400950543651326541e-01
-3.336121402220122434e-01
-3.272528038117865634e-01
-3.210146894876384494e-01
-3.148954865062432162e-01
-3.088929281718186814e-01
-3.030047909964821429e-01
-2.972288938766283195e-01
-2.915630972849854174e-01
-2.860053024780899733e-01
-2.805534507188696125e-01
-2.752055225140264128e-01
-2.699595368659792882e-01
-2.648135505390509792e-01
-2.597656573396509572e-01
-2.548139874101718050e-01
-2.499567065363592633e-01
-2.451920154678646213e-01
-2.405181492517733943e-01
-2.359333765788154125e-01
-2.314359991420502638e-01
-2.270243510077758486e-01
-2.226967979984308954e-01
-2.184517370872480768e-01
-2.142875958044658802e-01
-2.102028316548398834e-01
-2.061959315462704723e-01
-2.022654112293231776e-01
-1.984098147474213647e-01
-1.946277138975247567e-01
-1.909177077010948409e-01
-1.872784218851393234e-01
-1.837085083731455626e-01
-1.802066447857217923e-01
-1.767715339507631711e-01
-1.734019034229383749e-01
-1.700965050123599553e-01
-1.668541143222075362e-01
-1.636735302952008198e-01
-1.605535747686914760e-01
-1.574930920382389132e-01
-1.544909484295224900e-01
-1.515460318783912186e-01
-1.486572515189337196e-01
-1.458235372794014495e-01
-1.430438394858146722e-01
-1.403171284731534740e-01
-1.376423942039401993e-01
-1.350186458940942913e-01
-1.324449116459263109e-01
-1.299202380881272489e-01
-1.274436900226127989e-01
-1.250143500781053518e-01
-1.226313183703169329e-01
-1.202937121686140642e-01
-1.180006655690313266e-01
-1.157513291735270400e-01
-1.135448697753300706e-01
-1.113804700503191469e-01
-1.092573282542570468e-01
-1.071746579258086030e-01
-1.051316875952075236e-01
-1.031276604985080780e-01
-1.011618342972386841e-01
-9.923348080343785682e-02
-9.734188570990376377e-02
-9.548634832561297969e-02
-9.366618131615744858e-02
-9.188071044913570518e-02
-9.012927434442019603e-02
-8.841122422914438062e-02
-8.672592369739895446e-02
-8.507274847448265120e-02
-8.345108618565788561e-02
-8.186033612932064329e-02
-8.029990905447093041e-02
-7.876922694245891421e-02
-7.726772279285754053e-02
-7.579484041344386469e-02
-7.435003421416297442e-02
-7.293276900503364857e-02
-7.154251979790515747e-02
-7.017877161197993985e-02
-6.884101928306307627e-02
-6.752876727642842525e-02
-6.624152950326767098e-02
-6.497882914062991233e-02
-6.374019845478784418e-02
-6.252517862799500392e-02
-6.133331958851151455e-02
-6.016417984389654805e-02
-5.901732631746980928e-02
-5.789233418788164443e-02
-5.678878673175802305e-02
-5.570627516933335244e-02
-5.464439851302493878e-02
-5.360276341890823915e-02
-5.258098404099875722e-02
-5.157868188834058287e-02
-5.059548568479321773e-02
-4.963103123150247598e-02
-4.868496127200572232e-02
-4.775692535987730025e-02
-4.684657972893191413e-02
-4.595358716587227832e-02
-4.507761688538458600e-02
-4.421834440760719076e-02
-4.337545143793164470e-02
-4.254862574910767137e-02
-4.173756106557746648e-02
-4.094195695002511570e-02
-4.016151869209849679e-02
-3.939595719922550643e-02
-3.864498888954059908e-02
-3.790833558683281979e-02
-3.718572441750289670e-02
-3.647688770948853687e-02
-3.578156289310641114e-02
-3.509949240379661717e-02
-3.443042358670922454e-02
-3.377410860312224372e-02
-3.313030433862707014e-02
-3.249877231307785053e-02
-3.187927859225325733e-02
-3.127159370120402571e-02
-3.067549253924539698e-02
-3.009075429657670497e-02
-2.951716237248902530e-02
-2.895450429512713697e-02
-2.840257164279158530e-02
-2.786115996672933193e-02
-2.733006871540410998e-02
-2.680910116020562839e-02
-2.629806432257808524e-02
-2.579676890253246313e-02
-2.530502920853017201e-02
-2.482266308869895965e-02
-2.434949186335444438e-02
-2.388534025881661194e-02
-2.343003634248574940e-02
-2.298341145915117067e-02
-2.254530016851852281e-02
-2.211554018392725141e-02
-2.169397231223690881e-02
-2.128044039485565975e-02
-2.087479124989854995e-02
-2.047687461544001053e-02
-2.008654309386237458e-02
-1.970365209724711519e-02
-1.932805979382123951e-02
-1.895962705541975879e-02
-1.859821740594647110e-02
-1.824369697081884567e-02
-1.789593442738635076e-02
-1.755480095627426351e-02
-1.722017019367250157e-02
-1.689191818452862037e-02
-1.656992333662365979e-02
-1.625406637554505096e-02
-1.594423030049441081e-02
-1.564030034094443522e-02
-1.534216391413778524e-02
-1.504971058337467582e-02
-1.476283201710693049e-02
-1.448142194881185674e-02
-1.420537613761929663e-02
-1.393459232971494544e-02
-1.366897022044355481e-02
-1.340841141717241669e-02
-1.315281940282986284e-02
-1.290209950016141249e-02
-1.265615883665560659e-02
-1.241490631014308121e-02
-1.217825255505111670e-02
-1.194610990929945160e-02
-1.171839238182492693e-02
-1.149501562073496075e-02
-1.127589688205787866e-02
-1.106095499909010016e-02
-1.085011035233662824e-02
-1.064328484001464403e-02
-1.044040184911843028e-02
-1.024138622704917623e-02
-1.004616425376703148e-02
-9.854663614492054080e-03
-9.666813372914973002e-03
-9.482543944914212375e-03
-9.301787072786282806e-03
-9.124475799962894484e-03
-8.950544446204133919e-03
-8.779928583273033382e-03
-8.612565011066664056e-03
-8.448391734207305603e-03
-8.287347939077704950e-03
-8.129373971287989775e-03
-7.974411313593776640e-03
-7.822402564203301267e-03
-7.673291415523308956e-03
-7.527022633301072574e-03
-7.383542036160761768e-03
-7.242796475534163392e-03
-7.104733815980424083e-03
-6.969302915859287850e-03
-6.836453608405790305e-03
-6.706136683130026199e-03
-6.578303867597057319e-03
-6.452907809542551831e-03
-6.329902059340142273e-03
-6.209241052781422354e-03
-6.090880094212991480e-03
-5.974775339968374510e-03
-5.860883782133896602e-03
-5.749163232614762364e-03
-5.639572307508444737e-03
-5.532070411776501828e-03
-5.426617724202387194e-03
-5.323175182647688075e-03
-5.221704469580146224e-03
-5.122167997869908618e-03
-5.024528896887758833e-03
-4.928750998827169383e-03
-4.834798825315900217e-03
-4.742637574274510825e-03
-4.652233107018233227e-03
-4.563551935623522127e-03
-4.476561210511320610e-03
-4.391228708284344862e-03
-4.307522819788189850e-03
-4.225412538406914109e-03
-4.144867448573563706e-03
-4.065857714504517162e-03
-3.988354069146993197e-03
-3.912327803339721299e-03
-3.837750755179669682e-03
-3.764595299582396137e-03
-3.692834338059114430e-03
-3.622441288671396364e-03
-3.553390076188378544e-03
-3.485655122428710229e-03
-3.419211336783689603e-03
-3.354034106921588432e-03
-3.290099289671388760e-03
-3.227383202085931657e-03
-3.165862612657832642e-03
-3.105514732723690940e-03
-3.046317208019289069e-03
-2.988248110398217250e-03
-2.931285929710369942e-03
-2.875409565831432701e-03
-2.820598320850464802e-03
-2.766831891401366761e-03
-2.714090361143561836e-03
-2.662354193379457001e-03
-2.611604223826446969e-03
-2.561821653507934116e-03
-2.512988041798891459e-03
-2.465085299583336109e-03
-2.418095682569898486e-03
-2.372001784706867511e-03
-2.326786531734015284e-03
-2.282433174869424874e-03
-2.238925284588688669e-03
-2.196246744556873409e-03
-2.154381745640421286e-03
-2.113314780070041365e-03
-2.073030635679984357e-03
-2.033514390280544148e-03
-1.994751406133588034e-03
-1.956727324522233857e-03
-1.919428060437766703e-03
-1.882839797364255219e-03
-1.846948982148433061e-03
-1.811742319999254391e-03
-1.777206769542516440e-03
-1.743329538005156110e-03
-1.710098076468824502e-03
-1.677500075221161069e-03
-1.645523459204767391e-03
-1.614156383531906158e-03
-1.583387229104005200e-03
-1.553204598309321227e-03
-1.523597310793434190e-03
-1.494554399325664917e-03
-1.466065105732994311e-03
-1.438118876915694955e-03
-1.410705360939346065e-03
-1.383814403192573650e-03
-1.357436042642490293e-03
-1.331560508122109354e-03
-1.306178214729669662e-03
-1.281279760274145474e-03
-1.256855921784705288e-03
-1.232897652098330354e-03
-1.209396076514934748e-03
-1.186342489500447073e-03
-1.163728351468051869e-03
-1.141545285610945371e-03
-1.119785074804369174e-03
-1.098439658559158261e-03
-1.077501130032132437e-03
-1.056961733103989332e-03
-1.036813859501606316e-03
-1.017050045982514916e-03
-9.976629715673368537e-04
