6.753066370655746997e-01
7.464670736795286921e-01
8.162710454021703255e-01
8.847444092558692796e-01
9.519125293747457972e-01
1.017800286400138310e+00
1.082432086696975215e+00
1.145831871394461743e+00
1.208023125254434671e+00
1.269028885370666160e+00
1.328871749702342342e+00
1.387573885444874922e+00
1.445157037241148412e+00
1.501642535236244358e+00
1.557051302978625484e+00
1.611403865170706773e+00
1.664720355271685159e+00
1.717020522955442718e+00
1.768323741426288231e+00
1.818649014595244084e+00
1.868014984119539479e+00
1.916439936307915870e+00
1.963941808894302810e+00
2.010538197682373518e+00
2.056246363063443106e+00
2.101083236410118626e+00
2.145065426348077509e+00
2.188209224908289396e+00
2.230530613561964692e+00
2.272045269140466228e+00
2.312768569642372540e+00
2.352715599929849688e+00
2.391901157316435267e+00
2.430339757048308957e+00
2.468045637681080429e+00
2.505032766354081897e+00
2.541314843964123327e+00
2.576905310240624303e+00
2.611817348724004617e+00
2.646063891649175215e+00
2.679657624735940491e+00
2.712610991888085188e+00
2.744936199802886723e+00
2.776645222492762688e+00
2.807749805720722414e+00
2.838261471351274601e+00
2.868191521618393303e+00
2.897551043312130759e+00
2.926350911885422512e+00
2.954601795482609816e+00
2.982314158891170131e+00
3.009498267418117656e+00
3.036164190692514531e+00
3.062321806395495116e+00
3.087980803919191608e+00
3.113150687955909657e+00
3.137840782018889385e+00
3.162060231895952533e+00
3.185818009037316045e+00
3.209122913878827088e+00
3.231983579101849191e+00
3.254408472831010091e+00
3.276405901770993001e+00
3.297984014283533050e+00
3.319150803405762407e+00
3.339914109811016996e+00
3.360281624713205240e+00
3.380260892715813981e+00
3.399859314606604954e+00
3.419084150099040986e+00
3.437942520521451772e+00
3.456441411454941992e+00
3.474587675321012537e+00
3.492388033919857637e+00
3.509849080920277586e+00
3.526977284302127646e+00
3.543778988752207759e+00
3.560260418014483896e+00
3.576427677195507915e+00
3.592286755025892564e+00
3.607843526078675200e+00
3.623103752945398881e+00
3.638073088370710195e+00
3.652757077346267867e+00
3.667161159164737505e+00
3.681290669434632346e+00
3.695150842056747820e+00
3.708746811162920487e+00
3.722083613017830306e+00
3.735166187884551459e+00
3.747999381854540069e+00
3.760587948642740486e+00
3.772936551348472278e+00
3.785049764182751186e+00
3.796932074162683524e+00
3.808587882773562860e+00
3.820021507599282717e+00
3.831237183921669676e+00
3.842239066289331539e+00
3.853031230056599643e+00
3.863617672893135069e+00
3.874002316264757884e+00
3.884189006886050510e+00
3.894181518145271692e+00
3.903983551502105520e+00
3.913598737858770882e+00
3.923030638904990486e+00
3.932282748437325282e+00
3.941358493653357442e+00
3.950261236421205968e+00
3.958994274524839430e+00
3.967560842885653027e+00
3.975964114760758950e+00
3.984207202918435442e+00
3.992293160791168027e+00
4.000224983606712748e+00
4.008005609497598876e+00
4.015637920589480991e+00
4.023124744068747205e+00
4.030468853229772108e+00
4.037672968502214133e+00
4.044739758458721468e+00
4.051671840803437341e+00
4.058471783341658146e+00
4.065142104931006806e+00
4.071685276414478416e+00
4.078103721535697446e+00
4.084399817836729341e+00
4.090575897538776928e+00
4.096634248406089363e+00
4.102577114593405128e+00
4.108406697477239078e+00
4.114125156471322597e+00
4.119734609826500638e+00
4.125237135415383172e+00
4.130634771502036173e+00
4.135929517497002550e+00
4.141123334697931924e+00
4.146218147016090150e+00
4.151215841689019470e+00
4.156118269979617530e+00
4.160927247861887501e+00
4.165644556693617773e+00
4.170271943876238119e+00
4.174811123502097487e+00
4.179263776989404988e+00
4.183631553705066786e+00
4.187916071575648047e+00
4.192118917686693536e+00
4.196241648870618235e+00
4.200285792283396269e+00
4.204252845970254171e+00
4.208144279420584333e+00
4.211961534112275807e+00
4.215706024045670297e+00
4.219379136267344954e+00
4.222982231383903162e+00
4.226516644065975825e+00
4.229983683542616113e+00
4.233384634086267084e+00
4.236720755488486923e+00
4.239993283526604984e+00
4.243203430421480959e+00
4.246352385286543019e+00
4.249441314568261241e+00
4.252471362478225991e+00
4.255443651416991990e+00
4.258359282389841738e+00
4.261219335414622833e+00
4.264024869921811955e+00
4.266776925146952060e+00
4.269476520515611995e+00
4.272124656021002664e+00
4.274722312594398943e+00
4.277270452468500572e+00
4.279770019533864378e+00
4.282221939688542811e+00
4.284627121181060261e+00
4.286986454946848824e+00
4.289300814938269646e+00
4.291571058448347742e+00
4.293798026428332193e+00
4.295982543799204301e+00
4.298125419757249155e+00
4.300227448073797198e+00
4.302289407389260134e+00
4.304312061501553544e+00
4.306296159649027899e+00
4.308242436788003005e+00
4.310151613865014220e+00
4.312024398083865506e+00
4.313861483167596766e+00
4.315663549615454286e+00
4.317431264954961989e+00
4.319165283989191195e+00
4.320866249039315043e+00
4.322534790182537279e+00
4.324171525485489553e+00
4.325777061233176291e+00
4.327351992153558591e+00
4.328896901637853567e+00
4.330412361956637923e+00
4.331898934471826834e+00
4.333357169844620493e+00
4.334787608239478729e+00
4.336190779524209837e+00
4.337567203466249133e+00
4.338917389925190271e+00
4.340241839041649285e+00
4.341541041422530611e+00
4.342815478322756384e+00
4.344065621823537171e+00
4.345291935007240092e+00
4.346494872128926268e+00
4.347674878784616226e+00
4.348832392076351638e+00
4.349967840774104921e+00
4.351081645474607740e+00
4.352174218757149937e+00
4.353245965336408396e+00
4.354297282212360898e+00
4.355328558817346263e+00
4.356340177160318738e+00
4.357332511968353472e+00
4.358305930825452812e+00
4.359260794308708498e+00
4.360197456121870374e+00
4.361116263226361589e+00
4.362017555969806004e+00
4.362901668212097128e+00
4.363768927449070745e+00
4.364619654933815873e+00
4.365454165795672026e+00
4.366272769156965161e+00
4.367075768247509870e+00
4.367863460516934637e+00
4.368636137744863035e+00
4.369394086148997047e+00
4.370137586491138926e+00
4.370866914181188889e+00
4.371582339379167514e+00
4.372284127095287687e+00
4.372972537288118744e+00
4.373647824960882780e+00
4.374310240255915083e+00
4.374960028547321578e+00
4.375597430531869669e+00
4.376222682318149815e+00
4.376836015514035338e+00
4.377437657312474251e+00
4.378027830575648593e+00
4.378606753917527072e+00
4.379174641784844724e+00
4.379731704536538039e+00
4.380278148521668413e+00
4.380814176155857886e+00
4.381339985996268283e+00
4.381855772815151262e+00
4.382361727671999496e+00
4.382858037984314947e+00
4.383344887597035111e+00
4.383822456850634097e+00
4.384290922647923416e+00
4.384750458519581784e+00
4.385201234688435257e+00
4.385643418132511684e+00
4.386077172646890787e+00
4.386502658904381846e+00
4.386920034515037869e+00
4.387329454084538227e+00
4.387731069271459283e+00
4.388125028843451680e+00
4.388511478732347371e+00
4.388890562088215930e+00
4.389262419332390586e+00
4.389627188209485276e+00
4.389985003838416056e+00
4.390335998762454395e+00
4.390680302998321238e+00
4.391018044084352034e+00
4.391349347127738056e+00
4.391674334850868888e+00
4.391993127636791172e+00
4.392305843573803159e+00
4.392612598499195720e+00
4.392913506042161131e+00
4.393208677665885631e+00
4.393498222708837275e+00
4.393782248425265102e+00
4.394060860024932680e+00
4.394334160712086934e+00
4.394602251723688902e+00
4.394865232366914398e+00
4.395123200055939705e+00
4.395376250348024705e+00
4.395624476978912121e+00
4.395867971897545523e+00
4.396106825300133636e+00
4.396341125663558280e+00
4.396570959778149934e+00
4.396796412779835350e+00
4.397017568181674996e+00
4.397234507904797418e+00
4.397447312308745637e+00
4.397656060221244445e+00
4.397860828967399272e+00
4.398061694398338162e+00
4.398258730919311077e+00
4.398452011517249183e+00
4.398641607787803665e+00
4.398827589961863183e+00
4.399010026931571282e+00
4.399188986275845537e+00
4.399364534285408190e+00
4.399536735987345182e+00
4.399705655169190877e+00
4.399871354402557166e+00
4.400033895066312262e+00
4.400193337369317170e+00
4.400349740372726970e+00
4.400503162011868419e+00
4.400653659117701899e+00
4.400801287437873022e+00
4.400946101657360998e+00
4.401088155418737102e+00
4.401227501342034110e+00
4.401364191044238261e+00
4.401498275158409967e+00
4.401629803352438586e+00
4.401758824347440147e+00
4.401885385935806916e+00
4.402009534998908791e+00
4.402131317524458964e+00
4.402250778623551852e+00
4.402367962547369729e+00
4.402482912703576723e+00
4.402595671672397515e+00
4.402706281222388718e+00
4.402814782325911835e+00
4.402921215174312231e+00
4.403025619192803219e+00
4.403128033055073942e+00
4.403228494697611239e+00
4.403327041333755965e+00
4.403423709467484848e+00
4.403518534906933901e+00
4.403611552777661586e+00
4.403702797535661517e+00
4.403792302980123807e+00
4.403880102265956609e+00
4.403966227916066956e+00
4.404050711833408904e+00
4.404133585312799859e+00
4.404214879052513076e+00
4.404294623165649014e+00
4.404372847191290852e+00
4.404449580105445960e+00
4.404524850331778651e+00
4.404598685752140419e+00
4.404671113716895903e+00
4.404742161055056116e+00
4.404811854084214495e+00
4.404880218620298216e+00
4.404947279987129427e+00
4.405013063025805309e+00
4.405077592103900486e+00
4.405140891124493585e+00
4.405202983535021488e+00
4.405263892335963938e+00
4.405323640089363835e+00
4.405382248927184996e+00
4.405439740559510930e+00
4.405496136282586406e+00
4.405551456986704473e+00
4.405605723163946053e+00
4.405658954915772085e+00
4.405711171960468242e+00
4.405762393640446639e+00
4.405812638929415215e+00
4.405861926439403220e+00
4.405910274427656148e+00
4.405957700803399213e+00
4.406004223134469377e+00
4.406049858653825702e+00
4.406094624265930904e+00
4.406138536553013907e+00
4.406181611781211593e+00
4.406223865906595982e+00
4.406265314581081505e+00
4.406305973158226585e+00
4.406345856698917984e+00
4.406384979976951222e+00
4.406423357484502645e+00
4.406461003437498469e+00
4.406497931780879007e+00
4.406534156193766094e+00
4.406569690094528369e+00
4.406604546645752407e+00
4.406638738759120599e+00
4.406672279100189549e+00
4.406705180093085872e+00
4.406737453925106962e+00
4.406769112551233825e+00
4.406800167698561310e+00
4.406830630870641308e+00
4.406860513351745112e+00
4.406889826211042305e+00
4.406918580306700584e+00
4.406946786289909213e+00
4.406974454608823422e+00
4.407001595512435088e+00
4.407028219054368812e+00
4.407054335096606934e+00
4.407079953313141729e+00
4.407105083193560091e+00
4.407129734046556280e+00
4.407153915003381606e+00
4.407177635021228390e+00
4.407200902886545535e+00
4.407223727218294584e+00
4.407246116471140063e+00
4.407268078938585631e+00
4.407289622756041858e+00
4.407310755903842470e+00
4.407331486210199323e+00
4.407351821354102306e+00
4.407371768868163286e+00
4.407391336141408544e+00
4.407410530422012584e+00
4.407429358819986653e+00
4.407447828309807747e+00
4.407465945733007651e+00
4.407483717800703360e+00
4.407501151096083092e+00
4.407518252076847887e+00
4.407535027077599921e+00
4.407551482312191737e+00
4.407567623876026630e+00
4.407583457748317279e+00
4.407598989794299982e+00
4.407614225767408023e+00
4.407629171311401528e+00
4.407643831962459124e+00
4.407658213151227855e+00
4.407672320204837568e+00
4.407686158348869121e+00
4.407699732709295937e+00
4.407713048314377602e+00
4.407726110096525041e+00
4.407738922894127498e+00
4.407751491453345771e+00
4.407763820429866364e+00
4.407775914390631655e+00
4.407787777815526553e+00
4.407799415099041163e+00
4.407810830551897041e+00
4.407822028402645032e+00
4.407833012799230232e+00
4.407843787810530323e+00
4.407854357427861025e+00
4.407864725566455810e+00
4.407874896066915404e+00
4.407884872696630651e+00
