1.328242153374297452e+01
1.278086709152998068e+01
1.229825173040732622e+01
1.183386029612183599e+01
1.138700463919439976e+01
1.095702259519895883e+01
1.054327700354692787e+01
1.014515476332309341e+01
9.762065924773855485e+00
9.393442815101574084e+00
9.038739197269604730e+00
8.697429460571481030e+00
8.369007841764863898e+00
8.052987675616014585e+00
7.748900673744338441e+00
7.456296230698288063e+00
7.174740756234374572e+00
6.903817032809834053e+00
6.643123597336873409e+00
6.392274146282344915e+00
6.150896963231320846e+00
5.918634368066287621e+00
5.695142186945785667e+00
5.480089242297046859e+00
5.273156862066889161e+00
5.074038407503713266e+00
4.882438818770765465e+00
4.698074177717427524e+00
4.520671287160594076e+00
4.349967266052691350e+00
4.185709159936479296e+00
4.027653566109369088e+00
3.875566272941832757e+00
3.729221912815425810e+00
3.588403628166128012e+00
3.452902750138147070e+00
3.322518489372014105e+00
3.197057638468744134e+00
3.076334285689176884e+00
2.960169539464267974e+00
2.848391263308059695e+00
2.740833820740563809e+00
2.637337829842536507e+00
2.537749927078457812e+00
2.441922540037743783e+00
2.349713668757415608e+00
2.260986675302197657e+00
2.175610081290228592e+00
2.093457373064366411e+00
2.014406814220365938e+00
1.938341265214134523e+00
1.865148009780768446e+00
1.794718587908124885e+00
1.726948635117454778e+00
1.661737727812909071e+00
1.598989234470773901e+00
1.538610172447919977e+00
1.480511070197256362e+00
1.424605834686055506e+00
1.370811623820653136e+00
1.319048723688488023e+00
1.269240430435585765e+00
1.221312936604428412e+00
1.175195221763803310e+00
1.130818947268543706e+00
1.088118354993234060e+00
1.047030169889793694e+00
1.007493506224575341e+00
9.694497773560127873e-01
9.328426089191370618e-01
8.976177552883175537e-01
8.637230191944211821e-01
8.311081743773022223e-01
7.997248911589897036e-01
7.695266648272840460e-01
7.404687467236483744e-01
7.125080779332728653e-01
6.856032254790559444e-01
6.597143209249426432e-01
6.348030012976547676e-01
6.108323522392631322e-01
5.877668533063525880e-01
5.655723253347438861e-01
5.442158797917576729e-01
5.236658700409757561e-01
5.038918444472880731e-01
4.848645012527210141e-01
4.665556451561956863e-01
4.489381455328650405e-01
4.319858962311203809e-01
4.156737768876966332e-01
3.999776157035446200e-01
3.848741536253204032e-01
3.703410098794037153e-01
3.563566488073816596e-01
3.429003479538499377e-01
3.299521673592403781e-01
3.174929200121790474e-01
3.055041434175841397e-01
2.939680722383719580e-01
2.828676119702359104e-01
2.721863136104874514e-01
2.619083492834176075e-01
2.520184887860632550e-01
2.425020770196287812e-01
2.333450122731075271e-01
2.245337253269353572e-01
2.160551593457046282e-01
2.078967505301446972e-01
2.000464094996974029e-01
1.924925033781034744e-01
1.852238385554487721e-01
1.782296441011304577e-01
1.714995558031592593e-01
1.650236008101554630e-01
1.587921828532677382e-01
1.527960680261315485e-01
1.470263711017796016e-01
1.414745423662422119e-01
1.361323549493187735e-01
1.309918926337467482e-01
1.260455381247107265e-01
1.212859617623004566e-01
1.167061106601939569e-01
1.122991982544765815e-01
1.080586942471011974e-01
1.039783149290918196e-01
1.000520138691516209e-01
9.627397295387507548e-02
9.263859376628939823e-02
8.914048928994788845e-02
8.577447592628265061e-02
8.253556581339140108e-02
7.941895943487001230e-02
7.642003850774084506e-02
7.353435913893956177e-02
7.075764524021824209e-02
6.808578219170689783e-02
6.551481074474233002e-02
6.304092115493428738e-02
6.066044753676665124e-02
5.836986243137728264e-02
5.616577157946086446e-02
5.404490889155118966e-02
5.200413160823031539e-02
5.004041564308988471e-02
4.815085110154789655e-02
4.633263796887759217e-02
4.458308196105915250e-02
4.289959053230782415e-02
4.127966903335973659e-02
3.972091701482444864e-02
3.822102467012303273e-02
3.677776941274883693e-02
3.538901258276955925e-02
3.405269627769480500e-02
3.276684030301264122e-02
3.152953923787871204e-02
3.033895961160233343e-02
2.919333718675605135e-02
2.809097434487196204e-02
2.703023757086053455e-02
2.600955503241736758e-02
2.502741425083246721e-02
2.408235985975460541e-02
2.317299144858435411e-02
2.229796148730253669e-02
2.145597332965829343e-02
2.064577929175982068e-02
1.986617880321732768e-02
1.911601662810217747e-02
1.839418115308086646e-02
1.769960274019407448e-02
1.703125214183404817e-02
1.638813897557242841e-02
1.576931025658295099e-02
1.517384898547903538e-02
1.460087278947423337e-02
1.404953261485741151e-02
1.351901146883752527e-02
1.300852320889946123e-02
1.251731137787307109e-02
1.204464808299217024e-02
1.158983291728092092e-02
1.115219192166881992e-02
1.073107658629732925e-02
1.032586288953945414e-02
9.935950373303312558e-03
9.560761253256397710e-03
9.199739562646110438e-03
8.852350328452137165e-03
8.518078778646324609e-03
8.196429579387104133e-03
7.886926101020241484e-03
7.589109711793124574e-03
7.302539098240274675e-03
7.026789611232008882e-03
6.761452636716023916e-03
6.506134990220517784e-03
6.260458334221199322e-03
6.024058617509865828e-03
5.796585535731185040e-03
5.577702012291835439e-03
5.367083698869203751e-03
5.164418494782873140e-03
4.969406084513828224e-03
4.781757492687655625e-03
4.601194655862331749e-03
4.427450010484893644e-03
4.260266096407647890e-03
4.099395175376157642e-03
3.944598863922525213e-03
3.795647780121800575e-03
3.652321203687010874e-03
3.514406748898489530e-03
3.381700049884554457e-03
3.254004457786260733e-03
3.131130749356073485e-03
3.012896846562120468e-03
2.899127546778657114e-03
2.789654263165726976e-03
2.684314774852154372e-03
2.582952986551425960e-03
2.485418697254720630e-03
2.391567377659075278e-03
2.301259955998840364e-03
2.214362611965108463e-03
2.130746578406837819e-03
2.050287950519138255e-03
1.972867502238229414e-03
1.898370509567805405e-03
1.826686580577841553e-03
1.757709491822462408e-03
1.691337030934699469e-03
1.627470845165009160e-03
1.566016295639502181e-03
1.506882317120540517e-03
1.449981283064103333e-03
1.395228875771540667e-03
1.342543961445550856e-03
1.291848469963201556e-03
1.243067279189371752e-03
1.196128103658488338e-03
1.150961387459852221e-03
1.107500201167175777e-03
1.065680142660797294e-03
1.025439241694648404e-03
9.867178680667120644e-04
9.494586432572533737e-04
9.136063554034634616e-04
8.791078774849141143e-04
8.459120885983158460e-04
8.139697982049664236e-04
7.832336732385882915e-04
7.536581679660094143e-04
7.251994564958760868e-04
6.978153678361137405e-04
6.714653234038500283e-04
6.461102768944515734e-04
6.217126564219467057e-04
5.982363088435912546e-04
5.756464461870294596e-04
5.539095941005381862e-04
5.329935422496263290e-04
5.128672965867839620e-04
4.935010334234089281e-04
4.748660552365600125e-04
4.569347481435404859e-04
4.396805409833089498e-04
4.230778659421284972e-04
4.071021206665785693e-04
3.917296318070910229e-04
3.769376199378275671e-04
3.627041658017119753e-04
3.490081778296025956e-04
3.358293608861419332e-04
3.231481861959522553e-04
3.109458624052400199e-04
2.992043077360870642e-04
2.879061231924752006e-04
2.770345667778206442e-04
2.665735286861715936e-04
2.565075074302339015e-04
2.468215868708049780e-04
2.375014141135561245e-04
2.285331782404635963e-04
2.199035898443833499e-04
2.115998613363904816e-04
2.036096879967270480e-04
1.959212297413654141e-04
1.885230935768687853e-04
1.814043167180773828e-04
1.745543503429422072e-04
1.679630439610840179e-04
1.616206303724003165e-04
1.555177111937846993e-04
1.496452429323499173e-04
1.439945235843525411e-04
1.385571797405055281e-04
1.333251541777775073e-04
1.282906939201603261e-04
1.234463387499083156e-04
1.187849101528894359e-04
1.142995006811656331e-04
1.099834637172964483e-04
1.058304036252495102e-04
1.018341662731466060e-04
9.798882991384059613e-05
9.428869640989119626e-05
9.072828278991813984e-05
8.730231312376609089e-05
8.400571070444237914e-05
8.083359052528713397e-05
7.778125204131099168e-05
7.484417220362504764e-05
7.201799875723189162e-05
6.929854379156283133e-05
6.668177753480870808e-05
6.416382238240826794e-05
6.174094715115098194e-05
5.940956155014522381e-05
5.716621086069957548e-05
5.500757081687023572e-05
5.293044267962967086e-05
5.093174849672591436e-05
4.900852654181258130e-05
4.715792692555502484e-05
4.537720737264775648e-05
4.366372915821207265e-05
4.201495319765123664e-05
4.042843628413891573e-05
3.890182746822708876e-05
3.743286457412885231e-05
3.601937084752979715e-05
3.465925173006706336e-05
3.335049175548792413e-05
3.209115156307211221e-05
3.087936502389963643e-05
2.971333647548731588e-05
2.859133806093692152e-05
2.751170716856731738e-05
2.647284396819035062e-05
2.547320904043788139e-05
2.451132109559674935e-05
2.358575477858754657e-05
2.269513855683062621e-05
2.183815268789012615e-05
2.101352726378690204e-05
2.022004032927046400e-05
1.945651607105243339e-05
1.872182307545442386e-05
1.801487265185326551e-05
1.733461721940089128e-05
1.668004875472563195e-05
1.605019729819763674e-05
1.544412951659106551e-05
1.486094732007275167e-05
1.429978653136342905e-05
1.375981560518108942e-05
1.324023439604113418e-05
1.274027297255672725e-05
1.225919047655531909e-05
1.179627402522990946e-05
1.135083765476991846e-05
1.092222130389668951e-05
1.050978983574244579e-05
1.011293209670613129e-05
9.731060010806534061e-06
9.363607708264637682e-06
9.010030686985323630e-06
8.669805005693840085e-06
8.342426507529468086e-06
8.027410072984266377e-06
7.724288901038059064e-06
7.432613817441766047e-06
7.151952609100564645e-06
6.881889383615568750e-06
6.622023953027350952e-06
6.371971240751424110e-06
6.131360711017297853e-06
5.899835819743450402e-06
5.677053486251303951e-06
5.462683584837911224e-06
5.256408455607178678e-06
5.057922433737543617e-06
4.866931396558236965e-06
4.683152327679909827e-06
4.506312897643906866e-06
4.336151060358896344e-06
4.172414664785448466e-06
4.014861081307485715e-06
3.863256842196483551e-06
3.717377295635204499e-06
3.577006272828283134e-06
3.441935767697421378e-06
3.311965628610695984e-06
3.186903261837155914e-06
3.066563346120669392e-06
2.950767558082609887e-06
2.839344307967861316e-06
2.732128485383974386e-06
2.628961214637211306e-06
2.529689619297465090e-06
2.434166595671764865e-06
2.342250594809644209e-06
2.253805412762319557e-06
2.168699988742000485e-06
2.086808210920029401e-06
2.008008729545282000e-06
1.932184777131412554e-06
1.859223995417287004e-06
1.789018268878671036e-06
1.721463564515492309e-06
1.656459777691356162e-06
1.593910583799887365e-06
1.533723295527354600e-06
1.475808725505953014e-06
1.420081054142271737e-06
1.366457702468907113e-06
1.314859209749808863e-06
1.265209115762874616e-06
1.217433847472710501e-06
1.171462610018050299e-06
1.127227281810376273e-06
1.084662313581984002e-06
1.043704631257602650e-06
1.004293542486635184e-06
9.663706467074539922e-07
9.298797486103672814e-07
8.947667748590999458e-07
8.609796939784358376e-07
8.284684392283428856e-07
7.971848344380019095e-07
7.670825225995483964e-07
7.381168971837239491e-07
7.102450360393309059e-07
6.834256377871293228e-07
6.576189606169548911e-07
6.327867634055766873e-07
6.088922490402930930e-07
5.859000098936949385e-07
5.637759753645297285e-07
5.424873613756858913e-07
5.220026218087842422e-07
5.022914017463870960e-07
4.833244924977890923e-07
4.650737883148981545e-07
4.475122447432110095e-07
4.306138385504833393e-07
4.143535291601915505e-07
3.987072215435530916e-07
3.836517305255361392e-07
3.691647464154085840e-07
3.552248019549722870e-07
3.418112405086643148e-07
3.289041854478481578e-07
3.164845107035127838e-07
3.045338124192158743e-07
2.930343816846251605e-07
2.819691782896259350e-07
2.713218054757486610e-07
2.610764856408693767e-07
2.512180369537025772e-07
